   1.6000000e+00
   1.6000000e+00
   1.6000000e+00
   1.6000000e+00
   1.6000000e+00
   1.6000000e+00
   1.6000000e+00
   1.6000000e+00
   1.6000000e+00
   1.6000000e+00
   1.6000000e+00
   1.6000000e+00
   1.6000000e+00
   1.6000000e+00
   1.6000000e+00
   1.6000000e+00
   1.6000000e+00
   1.6000000e+00
   1.6000000e+00
   1.6000000e+00
   1.6000000e+00
   1.6000000e+00
   1.6000000e+00
   1.6000000e+00
   1.6000000e+00
   1.6000000e+00
   1.6000000e+00
   1.6000000e+00
   1.6000000e+00
   1.6000000e+00
   1.6000000e+00
   1.6000000e+00
   1.6000000e+00
   1.6000000e+00
   1.6000000e+00
   1.6000000e+00
   1.6000000e+00
   1.6000000e+00
   1.6000000e+00
   1.6000000e+00
   1.6000000e+00
   1.6000000e+00
   1.6000000e+00
   1.6000000e+00
   1.6000000e+00
   1.6000000e+00
   1.6000000e+00
   1.6000000e+00
   1.6000000e+00
   1.6000000e+00
   1.6000000e+00
   1.6000000e+00
   1.6000000e+00
   1.6000000e+00
   1.6000000e+00
   1.6000000e+00
   1.6000000e+00
   1.6000000e+00
   1.6000000e+00
   1.6000000e+00
   1.6000000e+00
   1.6000000e+00
   1.6000000e+00
   1.6000000e+00
   1.6000000e+00
   1.6000000e+00
   1.6000000e+00
   1.6000000e+00
   1.6000000e+00
   1.6000000e+00
   1.6000000e+00
   1.6000000e+00
   1.6000000e+00
   1.6000000e+00
   1.6000000e+00
   1.6000000e+00
   1.6000000e+00
   1.6000000e+00
   1.6000000e+00
   1.6000000e+00
   1.6000000e+00
   1.6000000e+00
   1.6000000e+00
   1.6000000e+00
   1.6000000e+00
   1.6000000e+00
   1.6000000e+00
   1.6000000e+00
   1.6000000e+00
   1.6000000e+00
   1.6000000e+00
   1.6000000e+00
   1.6000000e+00
   1.6000000e+00
   1.6000000e+00
   1.6000000e+00
   1.6000000e+00
   1.6000000e+00
   1.6000000e+00
   1.6000000e+00
   1.6000000e+00
   1.6000000e+00
   1.6000000e+00
   1.6000000e+00
   1.6000000e+00
   1.6000000e+00
   1.6000000e+00
   1.6000000e+00
   1.6000000e+00
   1.6000000e+00
   1.6000000e+00
   1.6000000e+00
   1.6000000e+00
   1.6000000e+00
   1.6000000e+00
   1.6000000e+00
   1.6000000e+00
   1.6000000e+00
   1.6000000e+00
   1.6000000e+00
   1.6757479e+00
   1.6751623e+00
   1.6726906e+00
   1.6702477e+00
   1.6672853e+00
   1.6643004e+00
   1.6613432e+00
   1.6584698e+00
   1.6556817e+00
   1.6529789e+00
   1.6503457e+00
   1.6473162e+00
   1.6435736e+00
   1.6391180e+00
   1.6339493e+00
   1.6288522e+00
   1.6250013e+00
   1.6224017e+00
   1.6210533e+00
   1.6206407e+00
   1.6203110e+00
   1.6205861e+00
   1.6216468e+00
   1.6234929e+00
   1.6261218e+00
   1.6287071e+00
   1.6301257e+00
   1.6303446e+00
   1.6293637e+00
   1.6273716e+00
   1.6253104e+00
   1.6233566e+00
   1.6215103e+00
   1.6199200e+00
   1.6197729e+00
   1.6212589e+00
   1.6243740e+00
   1.6290767e+00
   1.6342640e+00
   1.6394241e+00
   1.6443004e+00
   1.6488298e+00
   1.6530124e+00
   1.6568549e+00
   1.6605855e+00
   1.6639140e+00
   1.6652416e+00
   1.6644031e+00
   1.6613986e+00
   1.6564094e+00
   1.6512749e+00
   1.6467097e+00
   1.6427140e+00
   1.6392876e+00
   1.6362902e+00
   1.6332900e+00
   1.6301149e+00
   1.6267420e+00
   1.6231712e+00
   1.6194111e+00
   1.6156046e+00
   1.6107409e+00
   1.6039264e+00
   1.5951612e+00
   1.5846820e+00
   1.5756372e+00
   1.5699136e+00
   1.5675338e+00
   1.5684464e+00
   1.5704327e+00
   1.5721129e+00
   1.5734588e+00
   1.5744705e+00
   1.5751732e+00
   1.5758136e+00
   1.5764540e+00
   1.5770944e+00
   1.5777347e+00
   1.5783723e+00
   1.5788376e+00
   1.5790341e+00
   1.5789618e+00
   1.5786208e+00
   1.5776308e+00
   1.5755867e+00
   1.5724887e+00
   1.5683367e+00
   1.5634477e+00
   1.5585325e+00
   1.5535501e+00
   1.5476665e+00
   1.5406395e+00
   1.5324208e+00
   1.5221188e+00
   1.5101380e+00
   1.4968932e+00
   1.4823842e+00
   1.4671691e+00
   1.4514988e+00
   1.4353733e+00
   1.4189132e+00
   1.4045378e+00
   1.3933855e+00
   1.3854733e+00
   1.3802176e+00
   1.3752189e+00
   1.3691358e+00
   1.3619682e+00
   1.3539624e+00
   1.3433947e+00
   1.3294726e+00
   1.3121962e+00
   1.2915654e+00
   1.2699656e+00
   1.2497979e+00
   1.2311176e+00
   1.2139247e+00
   1.1980281e+00
   1.1822343e+00
   1.1662070e+00
   1.1499391e+00
   1.1334305e+00
   1.1167173e+00
   1.1004392e+00
   1.0851391e+00
   1.0708170e+00
   1.0574728e+00
   1.0447857e+00
   1.0316047e+00
   1.0177499e+00
   1.0032213e+00
   9.8803019e-01
   9.7328542e-01
   9.5965820e-01
   9.4714853e-01
   9.3575579e-01
   9.2497105e-01
   9.1416052e-01
   9.0332422e-01
   8.9246213e-01
   8.8172842e-01
   8.7129878e-01
   8.6117322e-01
   8.5135174e-01
   8.4184505e-01
   8.3316284e-01
   8.2543450e-01
   8.1866006e-01
   8.1280909e-01
   8.0805456e-01
   8.0492310e-01
   8.0341471e-01
   8.0276032e-01
   7.9763973e-01
   7.8625004e-01
   7.6856378e-01
   7.4683752e-01
   7.2902269e-01
   7.1666363e-01
   7.0976036e-01
   7.0714342e-01
   7.0296271e-01
   6.9377936e-01
   6.7955843e-01
   6.6029992e-01
   6.3815377e-01
   6.2032037e-01
   6.0734568e-01
   5.9922970e-01
   5.9547926e-01
   5.9256671e-01
   5.8982562e-01
   5.8725601e-01
   5.8486942e-01
   5.8283337e-01
   5.8119019e-01
   5.7965801e-01
   5.7298684e-01
   5.5914630e-01
   5.3796532e-01
   5.0994369e-01
   4.9027126e-01
   4.8617350e-01
   4.9765043e-01
   5.2470203e-01
   5.5700837e-01
   5.6790666e-01
   5.5163155e-01
   5.0818305e-01
   4.4138402e-01
   3.7806464e-01
   3.2857630e-01
   2.9292109e-01
   2.6929236e-01
   2.4671508e-01
   2.2240855e-01
   1.9632452e-01
   1.6847439e-01
   1.3938149e-01
   1.1045298e-01
   8.1858820e-02
   5.3582152e-02
   2.5199395e-02
  -4.3711158e-03
  -3.5275394e-02
  -6.7513439e-02
  -1.0101786e-01
  -1.3482133e-01
  -1.6880161e-01
  -2.0374123e-01
  -2.3973265e-01
  -2.7677589e-01
  -3.1479514e-01
  -3.5301622e-01
  -3.9157076e-01
  -4.3095341e-01
  -4.7116417e-01
  -5.1220303e-01
  -5.5386948e-01
  -5.9579863e-01
  -6.3822508e-01
  -6.8114884e-01
  -7.2456990e-01
  -7.6834404e-01
  -8.0404093e-01
  -8.2621158e-01
  -8.3485599e-01
  -8.2997416e-01
  -8.1695675e-01
  -8.0427855e-01
  -7.9265539e-01
  -7.8210890e-01
  -7.7263908e-01
  -7.6405237e-01
  -7.5565853e-01
  -7.4802628e-01
  -7.4125723e-01
  -7.3535139e-01
  -7.3027225e-01
  -7.2551164e-01
  -7.2205002e-01
  -7.2019909e-01
  -7.1995886e-01
  -7.2130438e-01
  -7.2319438e-01
  -7.2558606e-01
  -7.2883323e-01
  -7.3293587e-01
  -7.3789399e-01
  -7.4394976e-01
  -7.5100969e-01
  -7.5907144e-01
  -7.6813502e-01
  -7.7782050e-01
  -7.8821855e-01
  -8.0032340e-01
  -8.1413504e-01
  -8.2965347e-01
  -8.4644934e-01
  -8.6330854e-01
  -8.7962580e-01
  -8.9494367e-01
  -9.0926215e-01
  -9.2258124e-01
  -9.3534414e-01
  -9.4882933e-01
  -9.6317083e-01
  -9.7836864e-01
  -9.9428905e-01
  -1.0095782e+00
  -1.0238615e+00
  -1.0371390e+00
  -1.0494437e+00
  -1.0622044e+00
  -1.0791648e+00
  -1.1007691e+00
  -1.1270174e+00
  -1.1576107e+00
  -1.1891947e+00
  -1.2228965e+00
  -1.2598245e+00
  -1.2999786e+00
  -1.3433589e+00
  -1.3884472e+00
  -1.4341601e+00
  -1.4830320e+00
  -1.5353319e+00
  -1.5910597e+00
  -1.6499363e+00
  -1.7096952e+00
  -1.7725833e+00
  -1.8393569e+00
  -1.9100160e+00
  -1.9845018e+00
  -2.0597658e+00
  -2.1340670e+00
  -2.2074053e+00
  -2.2797808e+00
  -2.3368214e+00
  -2.3683056e+00
  -2.3760398e+00
  -2.3692370e+00
  -2.3588889e+00
  -2.3600917e+00
  -2.3718642e+00
  -2.3852659e+00
  -2.3976800e+00
  -2.4095041e+00
  -2.4221677e+00
