   1.6000000e+00
   1.6000000e+00
   1.6000000e+00
   1.6000000e+00
   1.6000000e+00
   1.6000000e+00
   1.6000000e+00
   1.6000000e+00
   1.6000000e+00
   1.6000000e+00
   1.6000000e+00
   1.6000000e+00
   1.6000000e+00
   1.6000000e+00
   1.6000000e+00
   1.6000000e+00
   1.6000000e+00
   1.6000000e+00
   1.6000000e+00
   1.6000000e+00
   1.6000000e+00
   1.6000000e+00
   1.6000000e+00
   1.6000000e+00
   1.6000000e+00
   1.6000000e+00
   1.6000000e+00
   1.6000000e+00
   1.6000000e+00
   1.6000000e+00
   1.6000000e+00
   1.6000000e+00
   1.6000000e+00
   1.6000000e+00
   1.6000000e+00
   1.6000000e+00
   1.6000000e+00
   1.6000000e+00
   1.6000000e+00
   1.6000000e+00
   1.6000000e+00
   1.6000000e+00
   1.6000000e+00
   1.6000000e+00
   1.6000000e+00
   1.6000000e+00
   1.6000000e+00
   1.6000000e+00
   1.6000000e+00
   1.6000000e+00
   1.6000000e+00
   1.6000000e+00
   1.6000000e+00
   1.6000000e+00
   1.6000000e+00
   1.6000000e+00
   1.6000000e+00
   1.6000000e+00
   1.6000000e+00
   1.6000000e+00
   1.6000000e+00
   1.6000000e+00
   1.6000000e+00
   1.6000000e+00
   1.6000000e+00
   1.6000000e+00
   1.6000000e+00
   1.6000000e+00
   1.6000000e+00
   1.6000000e+00
   1.6000000e+00
   1.6000000e+00
   1.6000000e+00
   1.6000000e+00
   1.6000000e+00
   1.6000000e+00
   1.6000000e+00
   1.6000000e+00
   1.6000000e+00
   1.6000000e+00
   1.6000000e+00
   1.6000000e+00
   1.6000000e+00
   1.6000000e+00
   1.6000000e+00
   1.6000000e+00
   1.6000000e+00
   1.6000000e+00
   1.6000000e+00
   1.6000000e+00
   1.6000000e+00
   1.6000000e+00
   1.6000000e+00
   1.6000000e+00
   1.6000000e+00
   1.6000000e+00
   1.6000000e+00
   1.6000000e+00
   1.6000000e+00
   1.6000000e+00
   1.6000000e+00
   1.6000000e+00
   1.6000000e+00
   1.6000000e+00
   1.6000000e+00
   1.6000000e+00
   1.6000000e+00
   1.6000000e+00
   1.6000000e+00
   1.6000000e+00
   1.6000000e+00
   1.6000000e+00
   1.6000000e+00
   1.6000000e+00
   1.6000000e+00
   1.6000000e+00
   1.6000000e+00
   1.6000000e+00
   1.6000000e+00
   1.6000000e+00
   1.6182149e+00
   1.6142940e+00
   1.6122453e+00
   1.6115305e+00
   1.6126857e+00
   1.6151122e+00
   1.6156102e+00
   1.6126410e+00
   1.6075167e+00
   1.6005592e+00
   1.5943831e+00
   1.5909957e+00
   1.5884670e+00
   1.5852078e+00
   1.5811093e+00
   1.5758430e+00
   1.5698483e+00
   1.5649812e+00
   1.5619589e+00
   1.5604974e+00
   1.5606088e+00
   1.5622697e+00
   1.5658359e+00
   1.5717941e+00
   1.5798393e+00
   1.5871516e+00
   1.5918015e+00
   1.5928674e+00
   1.5902927e+00
   1.5864481e+00
   1.5834028e+00
   1.5818853e+00
   1.5824855e+00
   1.5848728e+00
   1.5879368e+00
   1.5910138e+00
   1.5926792e+00
   1.5928402e+00
   1.5932102e+00
   1.5941029e+00
   1.5960350e+00
   1.5993399e+00
   1.6031666e+00
   1.6072732e+00
   1.6117951e+00
   1.6162055e+00
   1.6198111e+00
   1.6233706e+00
   1.6270049e+00
   1.6294968e+00
   1.6312990e+00
   1.6318932e+00
   1.6315186e+00
   1.6328586e+00
   1.6350835e+00
   1.6363563e+00
   1.6349232e+00
   1.6293368e+00
   1.6206099e+00
   1.6101280e+00
   1.5995642e+00
   1.5908859e+00
   1.5838051e+00
   1.5767016e+00
   1.5696772e+00
   1.5614412e+00
   1.5517290e+00
   1.5429706e+00
   1.5354616e+00
   1.5291040e+00
   1.5243428e+00
   1.5226228e+00
   1.5249265e+00
   1.5308746e+00
   1.5373754e+00
   1.5430391e+00
   1.5467953e+00
   1.5487467e+00
   1.5502657e+00
   1.5507627e+00
   1.5505601e+00
   1.5514650e+00
   1.5539900e+00
   1.5589434e+00
   1.5624390e+00
   1.5614586e+00
   1.5546382e+00
   1.5362364e+00
   1.5217794e+00
   1.5139869e+00
   1.5078569e+00
   1.5084183e+00
   1.5038391e+00
   1.4894730e+00
   1.4728911e+00
   1.4548420e+00
   1.4374215e+00
   1.4211521e+00
   1.4044315e+00
   1.3880136e+00
   1.3734552e+00
   1.3607909e+00
   1.3508172e+00
   1.3449217e+00
   1.3410141e+00
   1.3376610e+00
   1.3324708e+00
   1.3172133e+00
   1.2940438e+00
   1.2715028e+00
   1.2538533e+00
   1.2393245e+00
   1.2264564e+00
   1.2110171e+00
   1.1882697e+00
   1.1674471e+00
   1.1505117e+00
   1.1382831e+00
   1.1276754e+00
   1.1147352e+00
   1.0991338e+00
   1.0812959e+00
   1.0620586e+00
   1.0443935e+00
   1.0288243e+00
   1.0056019e+00
   9.6688621e-01
   9.2587234e-01
   8.9763067e-01
   8.8665079e-01
   8.9349715e-01
   9.0787433e-01
   9.1073266e-01
   9.0152877e-01
   8.8950261e-01
   8.7844533e-01
   8.6776230e-01
   8.5798512e-01
   8.4852062e-01
   8.3915537e-01
   8.3139940e-01
   8.3334271e-01
   8.3852159e-01
   8.4514923e-01
   8.5468771e-01
   8.5698102e-01
   8.5366288e-01
   8.4947096e-01
   8.4017640e-01
   8.2835282e-01
   8.1463752e-01
   7.9906179e-01
   7.8214721e-01
   7.6386220e-01
   7.4568709e-01
   7.2848819e-01
   7.1271399e-01
   6.9948610e-01
   6.8763687e-01
   6.7472096e-01
   6.6061007e-01
   6.4550091e-01
   6.3034656e-01
   6.1753030e-01
   6.0832369e-01
   6.0227015e-01
   5.9704675e-01
   5.8899466e-01
   5.7696254e-01
   5.7005648e-01
   5.6469219e-01
   5.6243770e-01
   5.6687585e-01
   5.6917281e-01
   5.7142858e-01
   5.7623125e-01
   5.8116151e-01
   5.8614723e-01
   5.9138468e-01
   5.9606940e-01
   5.9857997e-01
   5.9704463e-01
   5.8867055e-01
   5.7387879e-01
   5.5431509e-01
   5.2572543e-01
   4.7987675e-01
   4.3826472e-01
   4.0459099e-01
   3.7431026e-01
   3.5873846e-01
   3.3990020e-01
   3.0574095e-01
   2.6539263e-01
   2.2567495e-01
   1.9064741e-01
   1.6177363e-01
   1.3917569e-01
   1.1735938e-01
   9.3220908e-02
   6.6596570e-02
   3.7513648e-02
   9.8814470e-03
  -1.4412535e-02
  -4.0968817e-02
  -7.2297988e-02
  -1.0804975e-01
  -1.5110104e-01
  -1.9977981e-01
  -2.3928939e-01
  -2.6668625e-01
  -2.9324993e-01
  -3.1847490e-01
  -3.4869428e-01
  -3.9124764e-01
  -4.3403076e-01
  -4.7666114e-01
  -5.1428080e-01
  -5.5054055e-01
  -5.8900708e-01
  -6.2938104e-01
  -6.7411748e-01
  -7.2338304e-01
  -7.7011232e-01
  -8.0853424e-01
  -8.3483276e-01
  -8.6183822e-01
  -8.9150079e-01
  -8.8965290e-01
  -8.7381778e-01
  -8.4692086e-01
  -8.0129935e-01
  -7.7588024e-01
  -7.6557251e-01
  -7.5579891e-01
  -7.4660166e-01
  -7.3907713e-01
  -7.3343496e-01
  -7.2891899e-01
  -7.2536217e-01
  -7.2117991e-01
  -7.1635354e-01
  -7.1302896e-01
  -7.1137375e-01
  -7.1065760e-01
  -7.1105719e-01
  -7.1256629e-01
  -7.1516549e-01
  -7.2070080e-01
  -7.2926400e-01
  -7.3829219e-01
  -7.4761103e-01
  -7.5764931e-01
  -7.6840384e-01
  -7.8039964e-01
  -7.9357214e-01
  -8.0668113e-01
  -8.1844889e-01
  -8.2913437e-01
  -8.3935776e-01
  -8.4921924e-01
  -8.6001234e-01
  -8.7374954e-01
  -8.9048680e-01
  -9.1112604e-01
  -9.3544125e-01
  -9.5906773e-01
  -9.8005267e-01
  -9.9723800e-01
  -1.0090725e+00
  -1.0170570e+00
  -1.0253163e+00
  -1.0345227e+00
  -1.0461486e+00
  -1.0641287e+00
  -1.0875343e+00
  -1.1157984e+00
  -1.1489722e+00
  -1.1838218e+00
  -1.2174949e+00
  -1.2515241e+00
  -1.2883831e+00
  -1.3284139e+00
  -1.3735863e+00
  -1.4193522e+00
  -1.4604007e+00
  -1.5033140e+00
  -1.5505458e+00
  -1.6044950e+00
  -1.6684471e+00
  -1.7354915e+00
  -1.8027776e+00
  -1.8742981e+00
  -1.9468012e+00
  -2.0228572e+00
  -2.1106292e+00
  -2.2054898e+00
  -2.2874105e+00
  -2.3541827e+00
  -2.3865418e+00
  -2.3834346e+00
  -2.3724906e+00
  -2.3617909e+00
  -2.3604260e+00
  -2.3674703e+00
  -2.3778075e+00
  -2.3878006e+00
  -2.3993454e+00
  -2.4117929e+00
