   1.6000000e+00
   1.6000000e+00
   1.6000000e+00
   1.6000000e+00
   1.6000000e+00
   1.6000000e+00
   1.6000000e+00
   1.6000000e+00
   1.6000000e+00
   1.6000000e+00
   1.6000000e+00
   1.6000000e+00
   1.6000000e+00
   1.6000000e+00
   1.6000000e+00
   1.6000000e+00
   1.6000000e+00
   1.6000000e+00
   1.6000000e+00
   1.6000000e+00
   1.6000000e+00
   1.6000000e+00
   1.6000000e+00
   1.6000000e+00
   1.6000000e+00
   1.6000000e+00
   1.6000000e+00
   1.6000000e+00
   1.6000000e+00
   1.6000000e+00
   1.6000000e+00
   1.6000000e+00
   1.6000000e+00
   1.6000000e+00
   1.6000000e+00
   1.6000000e+00
   1.6000000e+00
   1.6000000e+00
   1.6000000e+00
   1.6000000e+00
   1.6000000e+00
   1.6000000e+00
   1.6000000e+00
   1.6000000e+00
   1.6000000e+00
   1.6000000e+00
   1.6000000e+00
   1.6000000e+00
   1.6000000e+00
   1.6000000e+00
   1.6000000e+00
   1.6000000e+00
   1.6000000e+00
   1.6000000e+00
   1.6000000e+00
   1.6000000e+00
   1.6000000e+00
   1.6000000e+00
   1.6000000e+00
   1.6000000e+00
   1.6000000e+00
   1.6000000e+00
   1.6000000e+00
   1.6000000e+00
   1.6000000e+00
   1.6000000e+00
   1.6000000e+00
   1.6000000e+00
   1.6000000e+00
   1.6000000e+00
   1.6000000e+00
   1.6000000e+00
   1.6000000e+00
   1.6000000e+00
   1.6000000e+00
   1.6000000e+00
   1.6000000e+00
   1.6000000e+00
   1.6000000e+00
   1.6000000e+00
   1.6000000e+00
   1.6000000e+00
   1.6000000e+00
   1.6000000e+00
   1.6000000e+00
   1.6000000e+00
   1.6000000e+00
   1.6000000e+00
   1.6000000e+00
   1.6000000e+00
   1.6000000e+00
   1.6000000e+00
   1.6000000e+00
   1.6000000e+00
   1.6000000e+00
   1.6000000e+00
   1.6000000e+00
   1.6000000e+00
   1.6000000e+00
   1.6000000e+00
   1.6000000e+00
   1.6000000e+00
   1.6000000e+00
   1.6000000e+00
   1.6000000e+00
   1.6000000e+00
   1.6000000e+00
   1.6000000e+00
   1.6000000e+00
   1.6000000e+00
   1.6000000e+00
   1.6000000e+00
   1.6000000e+00
   1.6000000e+00
   1.6000000e+00
   1.6000000e+00
   1.6000000e+00
   1.6000000e+00
   1.6000000e+00
   1.6000000e+00
   1.6748975e+00
   1.6744543e+00
   1.6737209e+00
   1.6718517e+00
   1.6688013e+00
   1.6645697e+00
   1.6595372e+00
   1.6551592e+00
   1.6515970e+00
   1.6488507e+00
   1.6464135e+00
   1.6431900e+00
   1.6391012e+00
   1.6341471e+00
   1.6289074e+00
   1.6242924e+00
   1.6203299e+00
   1.6170199e+00
   1.6141391e+00
   1.6115770e+00
   1.6120223e+00
   1.6161009e+00
   1.6238129e+00
   1.6324709e+00
   1.6374895e+00
   1.6378898e+00
   1.6353659e+00
   1.6320963e+00
   1.6310917e+00
   1.6320194e+00
   1.6323215e+00
   1.6311152e+00
   1.6284426e+00
   1.6252972e+00
   1.6231154e+00
   1.6220835e+00
   1.6224439e+00
   1.6242526e+00
   1.6270704e+00
   1.6308974e+00
   1.6356128e+00
   1.6404524e+00
   1.6452956e+00
   1.6501423e+00
   1.6541436e+00
   1.6563678e+00
   1.6568144e+00
   1.6554832e+00
   1.6528976e+00
   1.6501933e+00
   1.6474067e+00
   1.6445375e+00
   1.6417200e+00
   1.6391963e+00
   1.6369827e+00
   1.6350791e+00
   1.6334078e+00
   1.6317136e+00
   1.6287840e+00
   1.6240247e+00
   1.6174359e+00
   1.6090176e+00
   1.5998201e+00
   1.5917824e+00
   1.5850881e+00
   1.5797369e+00
   1.5758370e+00
   1.5729897e+00
   1.5708897e+00
   1.5695370e+00
   1.5688574e+00
   1.5682857e+00
   1.5677064e+00
   1.5671196e+00
   1.5665259e+00
   1.5662546e+00
   1.5668178e+00
   1.5682180e+00
   1.5704425e+00
   1.5724769e+00
   1.5732458e+00
   1.5727101e+00
   1.5709915e+00
   1.5695370e+00
   1.5692254e+00
   1.5700125e+00
   1.5705865e+00
   1.5695647e+00
   1.5666417e+00
   1.5618173e+00
   1.5556835e+00
   1.5469972e+00
   1.5354451e+00
   1.5210272e+00
   1.5040461e+00
   1.4876320e+00
   1.4726076e+00
   1.4589629e+00
   1.4462341e+00
   1.4332198e+00
   1.4195689e+00
   1.4053178e+00
   1.3947309e+00
   1.3877090e+00
   1.3773055e+00
   1.3634913e+00
   1.3445687e+00
   1.3176391e+00
   1.2923167e+00
   1.2686014e+00
   1.2474482e+00
   1.2291705e+00
   1.2135563e+00
   1.2006046e+00
   1.1891421e+00
   1.1769811e+00
   1.1640292e+00
   1.1502610e+00
   1.1350270e+00
   1.1182986e+00
   1.1000760e+00
   1.0804263e+00
   1.0627405e+00
   1.0491642e+00
   1.0396975e+00
   1.0335201e+00
   1.0240178e+00
   1.0083813e+00
   9.8661056e-01
   9.6193281e-01
   9.4214572e-01
   9.2863727e-01
   9.2140747e-01
   9.1861805e-01
   9.1599693e-01
   9.1337580e-01
   9.1075468e-01
   9.0728662e-01
   9.0155730e-01
   8.9355072e-01
   8.8326688e-01
   8.7146186e-01
   8.6005041e-01
   8.4915562e-01
   8.3843640e-01
   8.2730385e-01
   8.1546253e-01
   8.0743758e-01
   8.0618820e-01
   8.1224443e-01
   8.2526019e-01
   8.3272831e-01
   8.2646960e-01
   8.0648406e-01
   7.7496640e-01
   7.4528620e-01
   7.2413515e-01
   7.1151562e-01
   7.0708845e-01
   7.0492431e-01
   7.0407355e-01
   7.0271849e-01
   6.9742212e-01
   6.8738899e-01
   6.7248110e-01
   6.5300203e-01
   6.3226811e-01
   6.1113390e-01
   5.9390077e-01
   5.8206050e-01
   5.7584174e-01
   5.7501769e-01
   5.7560531e-01
   5.7615795e-01
   5.7584635e-01
   5.7339995e-01
   5.6884805e-01
   5.6500742e-01
   5.6410645e-01
   5.6768382e-01
   5.7701932e-01
   5.9146698e-01
   6.0840238e-01
   6.2371016e-01
   6.2972451e-01
   6.2468469e-01
   6.0480533e-01
   5.6091929e-01
   5.0057261e-01
   4.3395420e-01
   3.6818467e-01
   3.1550167e-01
   2.7973451e-01
   2.5457473e-01
   2.3154644e-01
   2.1039618e-01
   1.8965882e-01
   1.6829593e-01
   1.4655513e-01
   1.2481367e-01
   1.0289606e-01
   7.7717279e-02
   4.8257205e-02
   1.4515833e-02
  -2.3446268e-02
  -6.2573932e-02
  -1.0105880e-01
  -1.3890087e-01
  -1.7611634e-01
  -2.1322000e-01
  -2.5071464e-01
  -2.8863093e-01
  -3.2696623e-01
  -3.6504246e-01
  -4.0213443e-01
  -4.3817085e-01
  -4.7362556e-01
  -5.1044588e-01
  -5.4935349e-01
  -5.9034837e-01
  -6.3348809e-01
  -6.7782980e-01
  -7.2311811e-01
  -7.6819393e-01
  -8.0621497e-01
  -8.2923970e-01
  -8.3695584e-01
  -8.3094680e-01
  -8.1802254e-01
  -8.0611079e-01
  -7.9630228e-01
  -7.8783527e-01
  -7.7930594e-01
  -7.7070932e-01
  -7.6220492e-01
  -7.5421589e-01
  -7.4679317e-01
  -7.3993677e-01
  -7.3361469e-01
  -7.2760504e-01
  -7.2188114e-01
  -7.1644300e-01
  -7.1129060e-01
  -7.0675433e-01
  -7.0354468e-01
  -7.0167489e-01
  -7.0161273e-01
  -7.0529421e-01
  -7.1202297e-01
  -7.2171889e-01
  -7.3419245e-01
  -7.4771285e-01
  -7.6195307e-01
  -7.7691310e-01
  -7.9258933e-01
  -8.0844049e-01
  -8.2391781e-01
  -8.3902128e-01
  -8.5375092e-01
  -8.6819843e-01
  -8.8226233e-01
  -8.9591002e-01
  -9.0914149e-01
  -9.2199072e-01
  -9.3514057e-01
  -9.4895436e-01
  -9.6343207e-01
  -9.7857371e-01
  -9.9405091e-01
  -1.0081017e+00
  -1.0202832e+00
  -1.0309208e+00
  -1.0423927e+00
  -1.0562915e+00
  -1.0733506e+00
  -1.0944098e+00
  -1.1201482e+00
  -1.1498697e+00
  -1.1835744e+00
  -1.2209630e+00
  -1.2595319e+00
  -1.2988182e+00
  -1.3388216e+00
  -1.3803103e+00
  -1.4247553e+00
  -1.4721479e+00
  -1.5226295e+00
  -1.5774274e+00
  -1.6348188e+00
  -1.6945219e+00
  -1.7581156e+00
  -1.8264071e+00
  -1.8986567e+00
  -1.9743993e+00
  -2.0530663e+00
  -2.1332368e+00
  -2.2149555e+00
  -2.2896196e+00
  -2.3501922e+00
  -2.3851417e+00
  -2.3903832e+00
  -2.3814791e+00
  -2.3681950e+00
  -2.3605397e+00
  -2.3649913e+00
  -2.3738513e+00
  -2.3847405e+00
  -2.3969300e+00
  -2.4100357e+00
