   1.6000000e+00
   1.6000000e+00
   1.6000000e+00
   1.6000000e+00
   1.6000000e+00
   1.6000000e+00
   1.6000000e+00
   1.6000000e+00
   1.6000000e+00
   1.6000000e+00
   1.6000000e+00
   1.6000000e+00
   1.6000000e+00
   1.6000000e+00
   1.6000000e+00
   1.6000000e+00
   1.6000000e+00
   1.6000000e+00
   1.6000000e+00
   1.6000000e+00
   1.6000000e+00
   1.6000000e+00
   1.6000000e+00
   1.6000000e+00
   1.6000000e+00
   1.6000000e+00
   1.6000000e+00
   1.6000000e+00
   1.6000000e+00
   1.6000000e+00
   1.6000000e+00
   1.6000000e+00
   1.6000000e+00
   1.6000000e+00
   1.6000000e+00
   1.6000000e+00
   1.6000000e+00
   1.6000000e+00
   1.6000000e+00
   1.6000000e+00
   1.6000000e+00
   1.6000000e+00
   1.6000000e+00
   1.6000000e+00
   1.6000000e+00
   1.6000000e+00
   1.6000000e+00
   1.6000000e+00
   1.6000000e+00
   1.6000000e+00
   1.6000000e+00
   1.6000000e+00
   1.6000000e+00
   1.6000000e+00
   1.6000000e+00
   1.6000000e+00
   1.6000000e+00
   1.6000000e+00
   1.6000000e+00
   1.6000000e+00
   1.6000000e+00
   1.6000000e+00
   1.6000000e+00
   1.6000000e+00
   1.6000000e+00
   1.6000000e+00
   1.6000000e+00
   1.6000000e+00
   1.6000000e+00
   1.6000000e+00
   1.6000000e+00
   1.6000000e+00
   1.6000000e+00
   1.6000000e+00
   1.6000000e+00
   1.6000000e+00
   1.6000000e+00
   1.6000000e+00
   1.6000000e+00
   1.6000000e+00
   1.6000000e+00
   1.6000000e+00
   1.6000000e+00
   1.6000000e+00
   1.6000000e+00
   1.6000000e+00
   1.6000000e+00
   1.6000000e+00
   1.6000000e+00
   1.6000000e+00
   1.6000000e+00
   1.6000000e+00
   1.6000000e+00
   1.6000000e+00
   1.6000000e+00
   1.6000000e+00
   1.6000000e+00
   1.6000000e+00
   1.6000000e+00
   1.6000000e+00
   1.6000000e+00
   1.6000000e+00
   1.6000000e+00
   1.6000000e+00
   1.6000000e+00
   1.6000000e+00
   1.6000000e+00
   1.6000000e+00
   1.6000000e+00
   1.6000000e+00
   1.6000000e+00
   1.6000000e+00
   1.6000000e+00
   1.6000000e+00
   1.6000000e+00
   1.6000000e+00
   1.6000000e+00
   1.6000000e+00
   1.6000000e+00
   1.6000000e+00
   1.6675342e+00
   1.6678833e+00
   1.6668981e+00
   1.6653605e+00
   1.6630047e+00
   1.6599811e+00
   1.6568939e+00
   1.6538068e+00
   1.6505493e+00
   1.6468722e+00
   1.6427755e+00
   1.6382592e+00
   1.6334260e+00
   1.6285879e+00
   1.6239766e+00
   1.6196672e+00
   1.6156564e+00
   1.6116617e+00
   1.6073364e+00
   1.6025567e+00
   1.5973557e+00
   1.5949350e+00
   1.5973552e+00
   1.6046161e+00
   1.6150607e+00
   1.6244360e+00
   1.6300028e+00
   1.6317029e+00
   1.6302923e+00
   1.6284004e+00
   1.6261531e+00
   1.6235749e+00
   1.6210137e+00
   1.6194274e+00
   1.6190485e+00
   1.6198771e+00
   1.6218940e+00
   1.6243331e+00
   1.6270087e+00
   1.6299887e+00
   1.6332132e+00
   1.6365323e+00
   1.6397517e+00
   1.6427567e+00
   1.6455793e+00
   1.6483804e+00
   1.6510993e+00
   1.6521952e+00
   1.6511341e+00
   1.6479161e+00
   1.6425409e+00
   1.6364290e+00
   1.6310951e+00
   1.6266116e+00
   1.6229785e+00
   1.6201323e+00
   1.6179261e+00
   1.6165250e+00
   1.6159290e+00
   1.6153419e+00
   1.6129069e+00
   1.6077286e+00
   1.5993876e+00
   1.5883389e+00
   1.5763279e+00
   1.5690791e+00
   1.5690381e+00
   1.5741008e+00
   1.5830114e+00
   1.5874789e+00
   1.5842582e+00
   1.5768614e+00
   1.5661557e+00
   1.5583286e+00
   1.5546424e+00
   1.5544437e+00
   1.5551401e+00
   1.5335288e+00
   1.5109236e+00
   1.5003149e+00
   1.4984095e+00
   1.5168930e+00
   1.5438467e+00
   1.5579081e+00
   1.5605523e+00
   1.5616735e+00
   1.5615275e+00
   1.5586444e+00
   1.5535108e+00
   1.5462612e+00
   1.5371069e+00
   1.5276346e+00
   1.5181623e+00
   1.5086700e+00
   1.4985001e+00
   1.4873348e+00
   1.4751741e+00
   1.4620180e+00
   1.4483649e+00
   1.4347118e+00
   1.4210587e+00
   1.4081235e+00
   1.3979594e+00
   1.3906749e+00
   1.3862700e+00
   1.3843791e+00
   1.3828204e+00
   1.3792852e+00
   1.3710497e+00
   1.3581140e+00
   1.3404781e+00
   1.3193471e+00
   1.2980473e+00
   1.2775246e+00
   1.2584330e+00
   1.2407723e+00
   1.2245427e+00
   1.2092370e+00
   1.1939475e+00
   1.1788484e+00
   1.1647939e+00
   1.1518865e+00
   1.1401262e+00
   1.1294319e+00
   1.1189603e+00
   1.1084887e+00
   1.0980171e+00
   1.0874264e+00
   1.0753165e+00
   1.0612912e+00
   1.0453505e+00
   1.0275157e+00
   1.0089996e+00
   9.9048353e-01
   9.7196742e-01
   9.5373229e-01
   9.3669307e-01
   9.2091459e-01
   9.0639684e-01
   8.9300295e-01
   8.7978195e-01
   8.6656095e-01
   8.5334638e-01
   8.4018625e-01
   8.2709012e-01
   8.1414916e-01
   8.0503445e-01
   8.0160346e-01
   8.0383834e-01
   8.1173908e-01
   8.2258350e-01
   8.3270382e-01
   8.3589173e-01
   8.3072781e-01
   8.1721207e-01
   7.9553950e-01
   7.7201785e-01
   7.5329771e-01
   7.3998645e-01
   7.3208408e-01
   7.2933255e-01
   7.2768786e-01
   7.2280729e-01
   7.1339208e-01
   6.9944222e-01
   6.8095772e-01
   6.6039627e-01
   6.4035568e-01
   6.2226539e-01
   6.0619741e-01
   5.9215175e-01
   5.8067997e-01
   5.7390810e-01
   5.7204587e-01
   5.7509330e-01
   5.8269950e-01
   5.8955428e-01
   5.9345533e-01
   5.9440264e-01
   5.9299351e-01
   5.9507715e-01
   6.0347234e-01
   6.1785113e-01
   6.3084494e-01
   6.3540078e-01
   6.2886064e-01
   6.0572800e-01
   5.7087190e-01
   5.2874639e-01
   4.7961403e-01
   4.2862411e-01
   3.7763420e-01
   3.2711432e-01
   2.8072712e-01
   2.3923653e-01
   2.0320121e-01
   1.7444973e-01
   1.4979840e-01
   1.2783693e-01
   1.0685034e-01
   8.3291783e-02
   5.6751572e-02
   2.7229704e-02
  -4.3876318e-03
  -3.6936581e-02
  -7.0689359e-02
  -1.0564596e-01
  -1.4180640e-01
  -1.7846747e-01
  -2.1493756e-01
  -2.5120619e-01
  -2.8727336e-01
  -3.2325083e-01
  -3.5946307e-01
  -3.9594204e-01
  -4.3268774e-01
  -4.6976587e-01
  -5.0813601e-01
  -5.4807363e-01
  -5.8957874e-01
  -6.3270241e-01
  -6.7703595e-01
  -7.2219001e-01
  -7.6727499e-01
  -8.0378121e-01
  -8.2307684e-01
  -8.2675858e-01
  -8.1839765e-01
  -8.0494018e-01
  -7.9502970e-01
  -7.8827761e-01
  -7.8071043e-01
  -7.7209812e-01
  -7.6325766e-01
  -7.5524734e-01
  -7.4811939e-01
  -7.4187382e-01
  -7.3637677e-01
  -7.3070518e-01
  -7.2468872e-01
  -7.1832739e-01
  -7.1169043e-01
  -7.0638237e-01
  -7.0306743e-01
  -7.0174559e-01
  -7.0241687e-01
  -7.0481602e-01
  -7.0935152e-01
  -7.1603926e-01
  -7.2487925e-01
  -7.3541675e-01
  -7.4678782e-01
  -7.5925744e-01
  -7.7282560e-01
  -7.8749231e-01
  -8.0274574e-01
  -8.1769379e-01
  -8.3214409e-01
  -8.4609664e-01
  -8.5955143e-01
  -8.7271598e-01
  -8.8626716e-01
  -9.0082967e-01
  -9.1640846e-01
  -9.3300356e-01
  -9.5038595e-01
  -9.6711294e-01
  -9.8180614e-01
  -9.9443568e-01
  -1.0050016e+00
  -1.0139427e+00
  -1.0248526e+00
  -1.0390602e+00
  -1.0565654e+00
  -1.0773681e+00
  -1.1003455e+00
  -1.1262718e+00
  -1.1556356e+00
  -1.1884366e+00
  -1.2246911e+00
  -1.2634585e+00
  -1.3042181e+00
  -1.3469699e+00
  -1.3916976e+00
  -1.4375864e+00
  -1.4841909e+00
  -1.5315112e+00
  -1.5812628e+00
  -1.6367858e+00
  -1.6978119e+00
  -1.7643411e+00
  -1.8358913e+00
  -1.9093846e+00
  -1.9843906e+00
  -2.0609688e+00
  -2.1389119e+00
  -2.2171149e+00
  -2.2916890e+00
  -2.3496061e+00
  -2.3814105e+00
  -2.3856807e+00
  -2.3737369e+00
  -2.3611436e+00
  -2.3580610e+00
  -2.3671462e+00
  -2.3801522e+00
  -2.3921566e+00
  -2.4031595e+00
  -2.4143189e+00
