   1.6000000e+00
   1.6000000e+00
   1.6000000e+00
   1.6000000e+00
   1.6000000e+00
   1.6000000e+00
   1.6000000e+00
   1.6000000e+00
   1.6000000e+00
   1.6000000e+00
   1.6000000e+00
   1.6000000e+00
   1.6000000e+00
   1.6000000e+00
   1.6000000e+00
   1.6000000e+00
   1.6000000e+00
   1.6000000e+00
   1.6000000e+00
   1.6000000e+00
   1.6000000e+00
   1.6000000e+00
   1.6000000e+00
   1.6000000e+00
   1.6000000e+00
   1.6000000e+00
   1.6000000e+00
   1.6000000e+00
   1.6000000e+00
   1.6000000e+00
   1.6000000e+00
   1.6000000e+00
   1.6000000e+00
   1.6000000e+00
   1.6000000e+00
   1.6000000e+00
   1.6000000e+00
   1.6000000e+00
   1.6000000e+00
   1.6000000e+00
   1.6000000e+00
   1.6000000e+00
   1.6000000e+00
   1.6000000e+00
   1.6000000e+00
   1.6000000e+00
   1.6000000e+00
   1.6000000e+00
   1.6000000e+00
   1.6000000e+00
   1.6000000e+00
   1.6000000e+00
   1.6000000e+00
   1.6000000e+00
   1.6000000e+00
   1.6000000e+00
   1.6000000e+00
   1.6000000e+00
   1.6000000e+00
   1.6000000e+00
   1.6000000e+00
   1.6000000e+00
   1.6000000e+00
   1.6000000e+00
   1.6000000e+00
   1.6000000e+00
   1.6000000e+00
   1.6000000e+00
   1.6000000e+00
   1.6000000e+00
   1.6000000e+00
   1.6000000e+00
   1.6000000e+00
   1.6000000e+00
   1.6000000e+00
   1.6000000e+00
   1.6000000e+00
   1.6000000e+00
   1.6000000e+00
   1.6000000e+00
   1.6000000e+00
   1.6000000e+00
   1.6000000e+00
   1.6000000e+00
   1.6000000e+00
   1.6000000e+00
   1.6000000e+00
   1.6000000e+00
   1.6000000e+00
   1.6000000e+00
   1.6000000e+00
   1.6000000e+00
   1.6000000e+00
   1.6000000e+00
   1.6000000e+00
   1.6000000e+00
   1.6000000e+00
   1.6000000e+00
   1.6000000e+00
   1.6000000e+00
   1.6000000e+00
   1.6000000e+00
   1.6000000e+00
   1.6000000e+00
   1.6000000e+00
   1.6000000e+00
   1.6000000e+00
   1.6000000e+00
   1.6000000e+00
   1.6000000e+00
   1.6000000e+00
   1.6000000e+00
   1.6000000e+00
   1.6000000e+00
   1.6000000e+00
   1.6000000e+00
   1.6000000e+00
   1.6000000e+00
   1.6000000e+00
   1.6000000e+00
   1.6758230e+00
   1.6726947e+00
   1.6695664e+00
   1.6664445e+00
   1.6633491e+00
   1.6602817e+00
   1.6572422e+00
   1.6542478e+00
   1.6513360e+00
   1.6485064e+00
   1.6457589e+00
   1.6430832e+00
   1.6401400e+00
   1.6367095e+00
   1.6327918e+00
   1.6283868e+00
   1.6237462e+00
   1.6199318e+00
   1.6171540e+00
   1.6156403e+00
   1.6164843e+00
   1.6191670e+00
   1.6233287e+00
   1.6285381e+00
   1.6319888e+00
   1.6331423e+00
   1.6320984e+00
   1.6298467e+00
   1.6282577e+00
   1.6277156e+00
   1.6273471e+00
   1.6261959e+00
   1.6239096e+00
   1.6207122e+00
   1.6181878e+00
   1.6167637e+00
   1.6169310e+00
   1.6191431e+00
   1.6225870e+00
   1.6271293e+00
   1.6325164e+00
   1.6380537e+00
   1.6437204e+00
   1.6495309e+00
   1.6554232e+00
   1.6613959e+00
   1.6674484e+00
   1.6712325e+00
   1.6705235e+00
   1.6653212e+00
   1.6556935e+00
   1.6449046e+00
   1.6366726e+00
   1.6310771e+00
   1.6281183e+00
   1.6264019e+00
   1.6246855e+00
   1.6226488e+00
   1.6199148e+00
   1.6164834e+00
   1.6123548e+00
   1.6077293e+00
   1.6028371e+00
   1.5974670e+00
   1.5916190e+00
   1.5852930e+00
   1.5790771e+00
   1.5744740e+00
   1.5715525e+00
   1.5700726e+00
   1.5688709e+00
   1.5665797e+00
   1.5633846e+00
   1.5607901e+00
   1.5598760e+00
   1.5608626e+00
   1.5630310e+00
   1.5643422e+00
   1.5644869e+00
   1.5634652e+00
   1.5619037e+00
   1.5628303e+00
   1.5667469e+00
   1.5734614e+00
   1.5810695e+00
   1.5866239e+00
   1.5875247e+00
   1.5836511e+00
   1.5766231e+00
   1.5672095e+00
   1.5567326e+00
   1.5455091e+00
   1.5332448e+00
   1.5200445e+00
   1.5063687e+00
   1.4922024e+00
   1.4778338e+00
   1.4633140e+00
   1.4484812e+00
   1.4333941e+00
   1.4182880e+00
   1.4055014e+00
   1.3958170e+00
   1.3893035e+00
   1.3858518e+00
   1.3819984e+00
   1.3760888e+00
   1.3681229e+00
   1.3571713e+00
   1.3437255e+00
   1.3287146e+00
   1.3121312e+00
   1.2943024e+00
   1.2760232e+00
   1.2572954e+00
   1.2381673e+00
   1.2194439e+00
   1.2015281e+00
   1.1844197e+00
   1.1680115e+00
   1.1514395e+00
   1.1343810e+00
   1.1168362e+00
   1.0992455e+00
   1.0822828e+00
   1.0660237e+00
   1.0505411e+00
   1.0362299e+00
   1.0228064e+00
   1.0101957e+00
   9.9750566e-01
   9.8389506e-01
   9.6908613e-01
   9.5319794e-01
   9.3849733e-01
   9.2588506e-01
   9.1536111e-01
   9.0686335e-01
   8.9906186e-01
   8.9117126e-01
   8.8345520e-01
   8.7618773e-01
   8.6942460e-01
   8.6309140e-01
   8.5674459e-01
   8.5003308e-01
   8.4352160e-01
   8.3784743e-01
   8.3328899e-01
   8.2938730e-01
   8.2407366e-01
   8.1643995e-01
   8.0637580e-01
   7.9209485e-01
   7.7451044e-01
   7.5428553e-01
   7.3259516e-01
   7.1114729e-01
   6.9135622e-01
   6.7411223e-01
   6.5862165e-01
   6.4464144e-01
   6.3238208e-01
   6.2174252e-01
   6.1211914e-01
   6.0389052e-01
   5.9823588e-01
   5.9449297e-01
   5.9185808e-01
   5.8823543e-01
   5.8219991e-01
   5.7461251e-01
   5.6903844e-01
   5.6767630e-01
   5.7040420e-01
   5.7589203e-01
   5.8060731e-01
   5.8337541e-01
   5.8458647e-01
   5.8668108e-01
   5.8993979e-01
   5.9323398e-01
   5.9587949e-01
   5.9594832e-01
   5.9122258e-01
   5.8283335e-01
   5.7094581e-01
   5.4294040e-01
   4.9702241e-01
   4.4182996e-01
   3.8385165e-01
   3.3427097e-01
   2.9969100e-01
   2.7483787e-01
   2.5072720e-01
   2.2726365e-01
   2.0403929e-01
   1.7999346e-01
   1.5467804e-01
   1.2809303e-01
   1.0023842e-01
   7.1501359e-02
   4.1327673e-02
   9.5202963e-03
  -2.3920772e-02
  -5.8940107e-02
  -9.4663434e-02
  -1.3084046e-01
  -1.6747120e-01
  -2.0455564e-01
  -2.4184543e-01
  -2.7897966e-01
  -3.1593233e-01
  -3.5270345e-01
  -3.8929887e-01
  -4.2628867e-01
  -4.6416335e-01
  -5.0292292e-01
  -5.4256738e-01
  -5.8286860e-01
  -6.2340789e-01
  -6.6417677e-01
  -7.0517523e-01
  -7.4637510e-01
  -7.8604775e-01
  -8.1399139e-01
  -8.2851013e-01
  -8.2960397e-01
  -8.1778158e-01
  -8.0295097e-01
  -7.8928610e-01
  -7.7682565e-01
  -7.6556962e-01
  -7.5534504e-01
  -7.4537113e-01
  -7.3672336e-01
  -7.2970200e-01
  -7.2430704e-01
  -7.2050846e-01
  -7.1725544e-01
  -7.1456341e-01
  -7.1270563e-01
  -7.1168210e-01
  -7.1149283e-01
  -7.1234316e-01
  -7.1456334e-01
  -7.1815339e-01
  -7.2311329e-01
  -7.2906098e-01
  -7.3530576e-01
  -7.4238625e-01
  -7.5032429e-01
  -7.5911988e-01
  -7.6863275e-01
  -7.7901701e-01
  -7.9149017e-01
  -8.0606394e-01
  -8.2273831e-01
  -8.4104428e-01
  -8.5898900e-01
  -8.7556546e-01
  -8.9075183e-01
  -9.0454810e-01
  -9.1722239e-01
  -9.2976407e-01
  -9.4218447e-01
  -9.5447938e-01
  -9.6664879e-01
  -9.7871018e-01
  -9.9075811e-01
  -1.0030503e+00
  -1.0176183e+00
  -1.0349141e+00
  -1.0549376e+00
  -1.0776213e+00
  -1.1011258e+00
  -1.1247177e+00
  -1.1509954e+00
  -1.1811665e+00
  -1.2152310e+00
  -1.2531888e+00
  -1.2930455e+00
  -1.3329022e+00
  -1.3747303e+00
  -1.4207989e+00
  -1.4711080e+00
  -1.5256576e+00
  -1.5832098e+00
  -1.6410347e+00
  -1.7019303e+00
  -1.7668906e+00
  -1.8359154e+00
  -1.9090047e+00
  -1.9837427e+00
  -2.0583239e+00
  -2.1322620e+00
  -2.2055269e+00
  -2.2777099e+00
  -2.3330320e+00
  -2.3638840e+00
  -2.3707400e+00
  -2.3606263e+00
  -2.3476914e+00
  -2.3445231e+00
  -2.3511212e+00
  -2.3616356e+00
  -2.3728274e+00
  -2.3854517e+00
  -2.3995084e+00
