   1.6000000e+00
   1.6000000e+00
   1.6000000e+00
   1.6000000e+00
   1.6000000e+00
   1.6000000e+00
   1.6000000e+00
   1.6000000e+00
   1.6000000e+00
   1.6000000e+00
   1.6000000e+00
   1.6000000e+00
   1.6000000e+00
   1.6000000e+00
   1.6000000e+00
   1.6000000e+00
   1.6000000e+00
   1.6000000e+00
   1.6000000e+00
   1.6000000e+00
   1.6000000e+00
   1.6000000e+00
   1.6000000e+00
   1.6000000e+00
   1.6000000e+00
   1.6000000e+00
   1.6000000e+00
   1.6000000e+00
   1.6000000e+00
   1.6000000e+00
   1.6000000e+00
   1.6000000e+00
   1.6000000e+00
   1.6000000e+00
   1.6000000e+00
   1.6000000e+00
   1.6000000e+00
   1.6000000e+00
   1.6000000e+00
   1.6000000e+00
   1.6000000e+00
   1.6000000e+00
   1.6000000e+00
   1.6000000e+00
   1.6000000e+00
   1.6000000e+00
   1.6000000e+00
   1.6000000e+00
   1.6000000e+00
   1.6000000e+00
   1.6000000e+00
   1.6000000e+00
   1.6000000e+00
   1.6000000e+00
   1.6000000e+00
   1.6000000e+00
   1.6000000e+00
   1.6000000e+00
   1.6000000e+00
   1.6000000e+00
   1.6000000e+00
   1.6000000e+00
   1.6000000e+00
   1.6000000e+00
   1.6000000e+00
   1.6000000e+00
   1.6000000e+00
   1.6000000e+00
   1.6000000e+00
   1.6000000e+00
   1.6000000e+00
   1.6000000e+00
   1.6000000e+00
   1.6000000e+00
   1.6000000e+00
   1.6000000e+00
   1.6000000e+00
   1.6000000e+00
   1.6000000e+00
   1.6000000e+00
   1.6000000e+00
   1.6000000e+00
   1.6000000e+00
   1.6000000e+00
   1.6000000e+00
   1.6000000e+00
   1.6000000e+00
   1.6000000e+00
   1.6000000e+00
   1.6000000e+00
   1.6000000e+00
   1.6000000e+00
   1.6000000e+00
   1.6000000e+00
   1.6000000e+00
   1.6000000e+00
   1.6000000e+00
   1.6000000e+00
   1.6000000e+00
   1.6000000e+00
   1.6000000e+00
   1.6000000e+00
   1.6000000e+00
   1.6000000e+00
   1.6000000e+00
   1.6000000e+00
   1.6000000e+00
   1.6000000e+00
   1.6000000e+00
   1.6000000e+00
   1.6000000e+00
   1.6000000e+00
   1.6000000e+00
   1.6000000e+00
   1.6000000e+00
   1.6000000e+00
   1.6000000e+00
   1.6000000e+00
   1.6000000e+00
   1.6000000e+00
   1.6577431e+00
   1.6567308e+00
   1.6556805e+00
   1.6543999e+00
   1.6528633e+00
   1.6510704e+00
   1.6490365e+00
   1.6469484e+00
   1.6446609e+00
   1.6415878e+00
   1.6376971e+00
   1.6329889e+00
   1.6275637e+00
   1.6220605e+00
   1.6169360e+00
   1.6123199e+00
   1.6082122e+00
   1.6046128e+00
   1.6011906e+00
   1.5969650e+00
   1.5916375e+00
   1.5852081e+00
   1.5794712e+00
   1.5771953e+00
   1.5788634e+00
   1.5844755e+00
   1.5920528e+00
   1.5982645e+00
   1.6029961e+00
   1.6062477e+00
   1.6085882e+00
   1.6108794e+00
   1.6129255e+00
   1.6147014e+00
   1.6162071e+00
   1.6174607e+00
   1.6186605e+00
   1.6203022e+00
   1.6228688e+00
   1.6263602e+00
   1.6307763e+00
   1.6358376e+00
   1.6409214e+00
   1.6460053e+00
   1.6500570e+00
   1.6522749e+00
   1.6526589e+00
   1.6512091e+00
   1.6486043e+00
   1.6459866e+00
   1.6433781e+00
   1.6407815e+00
   1.6381967e+00
   1.6356237e+00
   1.6330551e+00
   1.6304866e+00
   1.6279180e+00
   1.6253495e+00
   1.6221628e+00
   1.6178802e+00
   1.6125015e+00
   1.6060268e+00
   1.5988628e+00
   1.5916909e+00
   1.5845191e+00
   1.5783079e+00
   1.5740961e+00
   1.5718836e+00
   1.5716706e+00
   1.5725970e+00
   1.5718881e+00
   1.5692849e+00
   1.5647874e+00
   1.5589050e+00
   1.5543755e+00
   1.5517274e+00
   1.5509606e+00
   1.5518720e+00
   1.5530430e+00
   1.5542069e+00
   1.5551459e+00
   1.5557575e+00
   1.5560419e+00
   1.5559990e+00
   1.5557059e+00
   1.5546819e+00
   1.5528049e+00
   1.5500749e+00
   1.5462811e+00
   1.5409743e+00
   1.5342637e+00
   1.5261493e+00
   1.5164612e+00
   1.5057118e+00
   1.4941555e+00
   1.4817921e+00
   1.4687779e+00
   1.4553748e+00
   1.4411963e+00
   1.4262422e+00
   1.4105127e+00
   1.3953616e+00
   1.3843766e+00
   1.3777309e+00
   1.3754243e+00
   1.3768541e+00
   1.3787499e+00
   1.3778750e+00
   1.3709055e+00
   1.3578415e+00
   1.3386830e+00
   1.3151590e+00
   1.2915093e+00
   1.2692608e+00
   1.2490038e+00
   1.2307382e+00
   1.2144678e+00
   1.1992442e+00
   1.1841794e+00
   1.1692734e+00
   1.1545262e+00
   1.1398559e+00
   1.1263986e+00
   1.1160008e+00
   1.1086658e+00
   1.1043934e+00
   1.1024578e+00
   1.0988470e+00
   1.0895592e+00
   1.0744649e+00
   1.0535639e+00
   1.0278608e+00
   1.0019759e+00
   9.7871945e-01
   9.5855395e-01
   9.4147939e-01
   9.2740266e-01
   9.1417185e-01
   9.0077606e-01
   8.8718314e-01
   8.7339309e-01
   8.5941098e-01
   8.4537025e-01
   8.3157901e-01
   8.1827382e-01
   8.0545467e-01
   7.9312157e-01
   7.8119410e-01
   7.7118768e-01
   7.6383367e-01
   7.5913206e-01
   7.5708286e-01
   7.5622363e-01
   7.5530277e-01
   7.5378730e-01
   7.5155446e-01
   7.4860426e-01
   7.4495317e-01
   7.4108100e-01
   7.3720883e-01
   7.3274044e-01
   7.2487120e-01
   7.1324774e-01
   6.9787004e-01
   6.7898544e-01
   6.5936770e-01
   6.4159815e-01
   6.2676100e-01
   6.1485626e-01
   6.0588394e-01
   5.9856015e-01
   5.9123636e-01
   5.8484944e-01
   5.8073346e-01
   5.7888841e-01
   5.7931431e-01
   5.8144333e-01
   5.8365749e-01
   5.8587165e-01
   5.8808580e-01
   5.8925537e-01
   5.8580231e-01
   5.7744145e-01
   5.6417279e-01
   5.4649641e-01
   5.2809782e-01
   5.0826049e-01
   4.7959891e-01
   4.4110595e-01
   3.9390061e-01
   3.4566002e-01
   3.0467849e-01
   2.7295013e-01
   2.4779694e-01
   2.2251450e-01
   1.9618307e-01
   1.6879339e-01
   1.4202569e-01
   1.1671182e-01
   9.1239238e-02
   6.5685630e-02
   4.0289605e-02
   1.4816240e-02
  -1.1928089e-02
  -4.0162241e-02
  -7.0028847e-02
  -1.0211889e-01
  -1.3594921e-01
  -1.7126915e-01
  -2.0807871e-01
  -2.4589676e-01
  -2.8417146e-01
  -3.2338249e-01
  -3.6352987e-01
  -4.0461359e-01
  -4.4636618e-01
  -4.8814555e-01
  -5.3026110e-01
  -5.7294365e-01
  -6.1619320e-01
  -6.6000975e-01
  -7.0416972e-01
  -7.4833049e-01
  -7.8698947e-01
  -8.1416000e-01
  -8.2966634e-01
  -8.3256718e-01
  -8.2621203e-01
  -8.1832875e-01
  -8.0926275e-01
  -7.9992252e-01
  -7.9065557e-01
  -7.8205199e-01
  -7.7423906e-01
  -7.6721678e-01
  -7.6096432e-01
  -7.5494654e-01
  -7.4926810e-01
  -7.4414365e-01
  -7.3957318e-01
  -7.3555671e-01
  -7.3186396e-01
  -7.2817121e-01
  -7.2491641e-01
  -7.2379897e-01
  -7.2498828e-01
  -7.2848433e-01
  -7.3408743e-01
  -7.4008300e-01
  -7.4608303e-01
  -7.5325325e-01
  -7.6234401e-01
  -7.7335532e-01
  -7.8628717e-01
  -8.0034902e-01
  -8.1435084e-01
  -8.2823051e-01
  -8.4198803e-01
  -8.5562340e-01
  -8.6917487e-01
  -8.8272368e-01
  -8.9629131e-01
  -9.1003515e-01
  -9.2399039e-01
  -9.3815703e-01
  -9.5252989e-01
  -9.6696659e-01
  -9.8140329e-01
  -9.9583999e-01
  -1.0107837e+00
  -1.0267197e+00
  -1.0436481e+00
  -1.0615689e+00
  -1.0801558e+00
  -1.0987605e+00
  -1.1183770e+00
  -1.1423304e+00
  -1.1708619e+00
  -1.2039714e+00
  -1.2411675e+00
  -1.2794177e+00
  -1.3193429e+00
  -1.3610134e+00
  -1.4044293e+00
  -1.4493818e+00
  -1.4952097e+00
  -1.5448638e+00
  -1.5987464e+00
  -1.6568574e+00
  -1.7189228e+00
  -1.7818742e+00
  -1.8481559e+00
  -1.9197961e+00
  -1.9967947e+00
  -2.0785103e+00
  -2.1599371e+00
  -2.2376985e+00
  -2.3063091e+00
  -2.3571369e+00
  -2.3853615e+00
  -2.3886032e+00
  -2.3797254e+00
  -2.3713445e+00
  -2.3686624e+00
  -2.3758794e+00
  -2.3847126e+00
  -2.3938148e+00
  -2.4041259e+00
  -2.4171006e+00
